6.299145507812500000e+03
6.458423339843750000e+03
6.539628417968750000e+03
6.157551757812500000e+03
5.935418945312500000e+03
5.672599609375000000e+03
5.774386718750000000e+03
5.183644531250000000e+03
5.096261230468750000e+03
5.104964843750000000e+03
4.867597167968750000e+03
4.753029785156250000e+03
4.419189453125000000e+03
4.460428710937500000e+03
4.403675292968750000e+03
4.137518066406250000e+03
3.789275878906250000e+03
3.135354248046875000e+03
2.734569580078125000e+03
2.437477539062500000e+03
2.262941894531250000e+03
1.726888916015625000e+03
1.587835693359375000e+03
1.405520996093750000e+03
1.306295166015625000e+03
1.138530761718750000e+03
8.685506591796875000e+02
8.732048339843750000e+02
8.651517333984375000e+02
6.620747070312500000e+02
7.375351562500000000e+02
6.605086059570312500e+02
6.625059204101562500e+02
5.390283813476562500e+02
5.587191162109375000e+02
5.488950195312500000e+02
6.091720581054687500e+02
5.636699829101562500e+02
5.280740356445312500e+02
4.785047912597656250e+02
4.898272094726562500e+02
5.818205566406250000e+02
3.651225585937500000e+02
3.899509582519531250e+02
4.444285278320312500e+02
4.824210815429687500e+02
6.348013305664062500e+02
4.330675048828125000e+02
3.787460327148437500e+02
3.939367675781250000e+02
3.755928344726562500e+02
3.115920410156250000e+02
3.647865295410156250e+02
3.189194335937500000e+02
3.766136169433593750e+02
4.587409057617187500e+02
3.734896850585937500e+02
4.351760864257812500e+02
3.421660156250000000e+02
3.240589294433593750e+02
3.686793212890625000e+02
3.094441833496093750e+02
3.499392089843750000e+02
2.651479492187500000e+02
3.425805053710937500e+02
3.101613769531250000e+02
4.168613281250000000e+02
4.299956970214843750e+02
2.821808471679687500e+02
6.297885742187500000e+02
3.998159179687500000e+02
3.287742919921875000e+02
3.429893188476562500e+02
3.789040527343750000e+02
2.811672363281250000e+02
2.748062744140625000e+02
2.999638671875000000e+02
2.556838378906250000e+02
2.712720336914062500e+02
2.920241088867187500e+02
2.689381103515625000e+02
4.888642578125000000e+02
2.982791442871093750e+02
2.917785034179687500e+02
3.721049194335937500e+02
2.957117004394531250e+02
3.200914001464843750e+02
3.072834167480468750e+02
2.579108581542968750e+02
3.156307983398437500e+02
3.041280212402343750e+02
3.141741027832031250e+02
5.206507568359375000e+02
3.126258239746093750e+02
3.155358581542968750e+02
2.612376708984375000e+02
3.002586059570312500e+02
3.356299438476562500e+02
2.249535522460937500e+02
3.671269531250000000e+02
4.652718505859375000e+02
4.059958496093750000e+02
2.746240844726562500e+02
4.469247131347656250e+02
5.150192871093750000e+02
3.201323852539062500e+02
3.780441284179687500e+02
4.778574523925781250e+02
4.858057250976562500e+02
2.716957397460937500e+02
3.685779418945312500e+02
3.864172058105468750e+02
4.194523315429687500e+02
3.040340576171875000e+02
3.816169433593750000e+02
3.080136718750000000e+02
3.106383361816406250e+02
3.548741455078125000e+02
6.429389648437500000e+02
3.392973632812500000e+02
2.583530883789062500e+02
4.099700927734375000e+02
4.169328918457031250e+02
4.371555175781250000e+02
3.856739196777343750e+02
4.578675537109375000e+02
3.650614013671875000e+02
3.399246215820312500e+02
2.478154754638671875e+02
4.161664733886718750e+02
3.073187255859375000e+02
3.126132202148437500e+02
3.125448608398437500e+02
3.228642578125000000e+02
3.571726074218750000e+02
2.876925659179687500e+02
3.091464843750000000e+02
3.612539672851562500e+02
3.702318115234375000e+02
3.259479980468750000e+02
3.183406982421875000e+02
3.560998229980468750e+02
4.156636047363281250e+02
3.121140136718750000e+02
2.757734985351562500e+02
3.381656799316406250e+02
3.532049865722656250e+02
3.886847534179687500e+02
2.756261596679687500e+02
3.619391479492187500e+02
3.065037536621093750e+02
2.562702026367187500e+02
2.639359130859375000e+02
3.507796936035156250e+02
3.559019775390625000e+02
2.407263183593750000e+02
3.001203613281250000e+02
3.636184692382812500e+02
3.307265625000000000e+02
3.609848632812500000e+02
3.310665283203125000e+02
4.093590698242187500e+02
3.382132873535156250e+02
2.402854919433593750e+02
4.353648071289062500e+02
2.824140014648437500e+02
3.047959594726562500e+02
2.522916107177734375e+02
3.255443420410156250e+02
3.128941040039062500e+02
2.997748718261718750e+02
2.746282958984375000e+02
2.451387634277343750e+02
2.770214233398437500e+02
3.077463989257812500e+02
3.229905395507812500e+02
3.081449584960937500e+02
2.565691833496093750e+02
3.831461486816406250e+02
4.950104980468750000e+02
3.590871582031250000e+02
2.585318603515625000e+02
2.893195800781250000e+02
2.131598205566406250e+02
2.311244506835937500e+02
3.650387573242187500e+02
2.724264221191406250e+02
2.958799743652343750e+02
3.496872558593750000e+02
2.742578125000000000e+02
3.131242675781250000e+02
2.516462402343750000e+02
3.792054443359375000e+02
3.258347167968750000e+02
4.265826416015625000e+02
2.567514343261718750e+02
4.483969116210937500e+02
2.848171997070312500e+02
3.484299316406250000e+02
2.675632324218750000e+02
2.305165100097656250e+02
2.966082458496093750e+02
2.686424560546875000e+02
3.636864624023437500e+02
3.390753173828125000e+02
3.189386291503906250e+02
3.339980163574218750e+02
2.801853637695312500e+02
2.404041442871093750e+02
2.442405700683593750e+02
2.736552124023437500e+02
2.388937072753906250e+02
2.715563659667968750e+02
2.894177246093750000e+02
3.295482788085937500e+02
2.892548522949218750e+02
2.787314147949218750e+02
3.147513732910156250e+02
2.424671325683593750e+02
3.351589355468750000e+02
2.929649047851562500e+02
2.431752014160156250e+02
2.671015625000000000e+02
2.499227600097656250e+02
2.893594360351562500e+02
2.466795959472656250e+02
3.234413452148437500e+02
2.561054687500000000e+02
3.671349487304687500e+02
3.186753540039062500e+02
2.586077880859375000e+02
3.473612060546875000e+02
2.804277954101562500e+02
3.431298217773437500e+02
3.128070678710937500e+02
2.561986694335937500e+02
2.543227996826171875e+02
2.622399597167968750e+02
2.973783874511718750e+02
3.126883544921875000e+02
2.621995239257812500e+02
2.355238647460937500e+02
3.240626220703125000e+02
2.962986450195312500e+02
2.435624389648437500e+02
2.641151428222656250e+02
3.064991149902343750e+02
2.703378295898437500e+02
4.746785888671875000e+02
3.104920043945312500e+02
3.050302124023437500e+02
2.428817443847656250e+02
3.387859802246093750e+02
2.109228668212890625e+02
2.335116424560546875e+02
3.011486816406250000e+02
2.777233276367187500e+02
4.017477111816406250e+02
3.258674926757812500e+02
3.158430786132812500e+02
4.029739685058593750e+02
2.854025878906250000e+02
3.061208496093750000e+02
3.503655395507812500e+02
4.197706909179687500e+02
2.860223693847656250e+02
3.499271850585937500e+02
3.846981811523437500e+02
3.961157226562500000e+02
2.852521972656250000e+02
3.238115539550781250e+02
3.256923217773437500e+02
3.431138916015625000e+02
2.404851684570312500e+02
3.171988525390625000e+02
2.701569213867187500e+02
4.236278076171875000e+02
2.940058593750000000e+02
3.267934875488281250e+02
3.481323852539062500e+02
4.959748840332031250e+02
2.510249633789062500e+02
2.651334533691406250e+02
2.690581054687500000e+02
2.645474853515625000e+02
4.340699157714843750e+02
2.570145263671875000e+02
3.936300659179687500e+02
2.405793762207031250e+02
3.442727661132812500e+02
3.018763122558593750e+02
3.943888244628906250e+02
2.629948120117187500e+02
2.704509887695312500e+02
3.298561706542968750e+02
3.544008178710937500e+02
2.665292358398437500e+02
3.083751525878906250e+02
3.129684143066406250e+02
3.429888916015625000e+02
2.808779296875000000e+02
2.656824340820312500e+02
2.474953918457031250e+02
2.315851135253906250e+02
3.034686279296875000e+02
2.696366577148437500e+02
2.496291656494140625e+02
3.132344970703125000e+02
2.924223022460937500e+02
2.479383087158203125e+02
2.854067382812500000e+02
2.768105163574218750e+02
2.801428222656250000e+02
3.388016967773437500e+02
3.741576232910156250e+02
2.853598022460937500e+02
3.312151184082031250e+02
4.059490051269531250e+02
2.816297607421875000e+02
3.024381408691406250e+02
2.765434570312500000e+02
2.504902801513671875e+02
2.667039489746093750e+02
2.789461669921875000e+02
5.067702026367187500e+02
3.385508422851562500e+02
2.393908081054687500e+02
4.267026367187500000e+02
4.378615112304687500e+02
3.143049926757812500e+02
2.964417419433593750e+02
3.727104187011718750e+02
3.620827941894531250e+02
4.567509765625000000e+02
3.638287353515625000e+02
2.409426879882812500e+02
5.313564453125000000e+02
5.516544189453125000e+02
3.531105346679687500e+02
3.204491577148437500e+02
3.484425659179687500e+02
4.616213378906250000e+02
3.463073730468750000e+02
3.455760498046875000e+02
2.578567199707031250e+02
4.011867675781250000e+02
2.601589965820312500e+02
3.881249389648437500e+02
2.868838500976562500e+02
5.068619995117187500e+02
3.242473754882812500e+02
4.072076721191406250e+02
3.551557312011718750e+02
3.787563171386718750e+02
3.067705688476562500e+02
2.830544128417968750e+02
2.740329284667968750e+02
4.583325195312500000e+02
3.248815917968750000e+02
3.162706604003906250e+02
3.233836059570312500e+02
2.756361694335937500e+02
3.044742126464843750e+02
3.735548095703125000e+02
2.748338928222656250e+02
3.051503906250000000e+02
3.037598876953125000e+02
2.777569580078125000e+02
2.653122863769531250e+02
2.378009033203125000e+02
3.835807495117187500e+02
2.640060424804687500e+02
2.502210693359375000e+02
2.757709655761718750e+02
2.831481323242187500e+02
2.878157653808593750e+02
3.169780273437500000e+02
2.495982818603515625e+02
2.418746490478515625e+02
2.454063720703125000e+02
3.027615356445312500e+02
3.209496154785156250e+02
3.371092224121093750e+02
2.828807678222656250e+02
2.719303588867187500e+02
4.145494384765625000e+02
4.745503540039062500e+02
2.970178833007812500e+02
2.772368164062500000e+02
2.476856689453125000e+02
4.343524169921875000e+02
3.287640991210937500e+02
5.360226440429687500e+02
2.267623291015625000e+02
2.616820068359375000e+02
3.123210754394531250e+02
3.582873229980468750e+02
3.058581542968750000e+02
3.173799438476562500e+02
2.447855987548828125e+02
2.757554321289062500e+02
3.261617431640625000e+02
2.608618164062500000e+02
3.568287658691406250e+02
2.926950073242187500e+02
3.201807250976562500e+02
2.974436035156250000e+02
2.807062072753906250e+02
2.825224914550781250e+02
2.828468017578125000e+02
2.561710815429687500e+02
4.494183959960937500e+02
3.393315429687500000e+02
2.883796386718750000e+02
2.345425109863281250e+02
2.978937988281250000e+02
3.109505004882812500e+02
2.192572479248046875e+02
2.998637084960937500e+02
3.549468688964843750e+02
3.096558227539062500e+02
2.639749145507812500e+02
2.748024902343750000e+02
2.565664672851562500e+02
3.567291870117187500e+02
3.264872741699218750e+02
2.911749877929687500e+02
2.889258422851562500e+02
4.066226196289062500e+02
2.393238220214843750e+02
3.044168395996093750e+02
2.154057312011718750e+02
3.556620483398437500e+02
3.728089599609375000e+02
2.447194824218750000e+02
3.360938110351562500e+02
3.276028137207031250e+02
2.838803710937500000e+02
2.948782653808593750e+02
2.495724792480468750e+02
3.945629882812500000e+02
2.905069885253906250e+02
2.669732666015625000e+02
2.616502075195312500e+02
2.442572631835937500e+02
2.736785278320312500e+02
5.073360595703125000e+02
2.374850158691406250e+02
2.606170654296875000e+02
2.647181396484375000e+02
2.896615905761718750e+02
2.811229248046875000e+02
2.568427734375000000e+02
2.473991851806640625e+02
3.293451232910156250e+02
2.501657104492187500e+02
2.520803222656250000e+02
2.265083923339843750e+02
2.889889526367187500e+02
2.769266967773437500e+02
3.492075195312500000e+02
2.046835021972656250e+02
2.600285644531250000e+02
2.918002929687500000e+02
2.150819396972656250e+02
2.912684326171875000e+02
2.706464538574218750e+02
2.607222290039062500e+02
3.300501098632812500e+02
4.096143798828125000e+02
2.372540588378906250e+02
4.153174743652343750e+02
2.688316345214843750e+02
3.331142272949218750e+02
2.498838348388671875e+02
2.895026245117187500e+02
2.161861267089843750e+02
2.948691101074218750e+02
2.206959838867187500e+02
3.240619812011718750e+02
2.668618469238281250e+02
3.030676269531250000e+02
2.352125549316406250e+02
2.170184020996093750e+02
3.019126586914062500e+02
4.965137939453125000e+02
2.734537963867187500e+02
2.698929748535156250e+02
3.314335327148437500e+02
3.833434448242187500e+02
3.564978637695312500e+02
2.277707366943359375e+02
3.152957763671875000e+02
2.789779052734375000e+02
2.890407409667968750e+02
3.492224426269531250e+02
3.259050292968750000e+02
3.327515869140625000e+02
3.310411071777343750e+02
3.408302001953125000e+02
2.489541625976562500e+02
3.019909362792968750e+02
2.645624084472656250e+02
2.800196533203125000e+02
3.052879638671875000e+02
2.560581665039062500e+02
3.124190673828125000e+02
2.681795349121093750e+02
2.905212402343750000e+02
3.307141723632812500e+02
2.748834838867187500e+02
3.115946655273437500e+02
2.280426635742187500e+02
3.142508239746093750e+02
2.565433349609375000e+02
2.712266235351562500e+02
3.475915222167968750e+02
2.810227355957031250e+02
2.380555725097656250e+02
2.462597808837890625e+02
3.301697692871093750e+02
2.619065246582031250e+02
4.242868347167968750e+02
3.183995666503906250e+02
2.594633178710937500e+02
2.843863525390625000e+02
4.061794128417968750e+02
3.221799011230468750e+02
5.065668029785156250e+02
3.448978271484375000e+02
2.446178894042968750e+02
3.746729736328125000e+02
3.120938415527343750e+02
4.622134399414062500e+02
2.197992095947265625e+02
2.729624633789062500e+02
2.699757995605468750e+02
2.640508728027343750e+02
3.367713012695312500e+02
2.452596435546875000e+02
3.107642822265625000e+02
3.870108337402343750e+02
3.613328552246093750e+02
3.918206176757812500e+02
2.662749023437500000e+02
2.873945922851562500e+02
2.193777313232421875e+02
3.356647949218750000e+02
2.748239746093750000e+02
3.191604919433593750e+02
3.006843261718750000e+02
3.198933105468750000e+02
2.474162597656250000e+02
3.808588256835937500e+02
3.172244262695312500e+02
2.396465148925781250e+02
2.995415649414062500e+02
2.846869506835937500e+02
2.870835266113281250e+02
3.327282714843750000e+02
3.378671875000000000e+02
2.346022033691406250e+02
3.639335327148437500e+02
3.173220825195312500e+02
2.203996582031250000e+02
2.478451080322265625e+02
2.585190429687500000e+02
2.625706787109375000e+02
3.182383117675781250e+02
2.397592468261718750e+02
2.908332519531250000e+02
3.056565246582031250e+02
2.358933258056640625e+02
2.582045898437500000e+02
2.424335479736328125e+02
2.351448669433593750e+02
2.493170013427734375e+02
2.404873352050781250e+02
2.448587341308593750e+02
2.690075683593750000e+02
2.278430480957031250e+02
2.349623718261718750e+02
2.666230468750000000e+02
2.525631103515625000e+02
2.249248352050781250e+02
2.967979736328125000e+02
2.824902954101562500e+02
3.264706420898437500e+02
3.334951782226562500e+02
2.584111938476562500e+02
2.340260314941406250e+02
2.609758911132812500e+02
2.610281372070312500e+02
2.423121948242187500e+02
2.931672973632812500e+02
2.795228881835937500e+02
2.354905090332031250e+02
2.810238647460937500e+02
2.671630554199218750e+02
4.685535888671875000e+02
2.961844482421875000e+02
2.931878662109375000e+02
2.542574615478515625e+02
2.486748657226562500e+02
2.861014099121093750e+02
3.438706665039062500e+02
2.691438598632812500e+02
2.108790588378906250e+02
2.291199798583984375e+02
2.078148498535156250e+02
2.464855957031250000e+02
3.194022827148437500e+02
2.259664306640625000e+02
3.132744750976562500e+02
2.354979858398437500e+02
2.540686950683593750e+02
2.298995513916015625e+02
3.256226196289062500e+02
3.076764526367187500e+02
2.846925048828125000e+02
2.321624755859375000e+02
1.939280395507812500e+02
2.043138732910156250e+02
4.325894165039062500e+02
2.632807006835937500e+02
2.266073913574218750e+02
2.352303009033203125e+02
2.935194396972656250e+02
2.249102325439453125e+02
5.150435180664062500e+02
2.254664459228515625e+02
3.412377624511718750e+02
2.779654846191406250e+02
2.084330139160156250e+02
2.722706298828125000e+02
3.354408264160156250e+02
3.614839477539062500e+02
2.417953491210937500e+02
2.851846618652343750e+02
2.824791259765625000e+02
2.642988281250000000e+02
3.240245056152343750e+02
3.002388305664062500e+02
2.821093444824218750e+02
3.380715942382812500e+02
2.915200805664062500e+02
2.412058105468750000e+02
3.833951416015625000e+02
2.647919311523437500e+02
3.340520019531250000e+02
2.929284667968750000e+02
2.443118286132812500e+02
2.517201690673828125e+02
3.293807983398437500e+02
2.519114685058593750e+02
3.282118530273437500e+02
2.112074127197265625e+02
2.777475891113281250e+02
4.325165405273437500e+02
4.077393188476562500e+02
2.646044616699218750e+02
2.355895233154296875e+02
2.357012329101562500e+02
3.469953002929687500e+02
3.387139892578125000e+02
2.324680786132812500e+02
2.249880065917968750e+02
3.104702148437500000e+02
3.206477661132812500e+02
4.520113220214843750e+02
2.781587524414062500e+02
2.187998657226562500e+02
2.426452331542968750e+02
2.529186706542968750e+02
2.467459106445312500e+02
2.291205139160156250e+02
2.979396057128906250e+02
3.512119750976562500e+02
2.137247161865234375e+02
2.948596801757812500e+02
3.184279479980468750e+02
3.086704101562500000e+02
3.314945983886718750e+02
2.468675994873046875e+02
2.847301025390625000e+02
2.699293823242187500e+02
2.755572509765625000e+02
2.859079589843750000e+02
2.862612915039062500e+02
2.004702453613281250e+02
2.214951477050781250e+02
3.708048400878906250e+02
3.103094787597656250e+02
4.118926391601562500e+02
3.231966552734375000e+02
2.732723999023437500e+02
2.710552978515625000e+02
3.120115966796875000e+02
2.718238525390625000e+02
2.440735626220703125e+02
2.704768981933593750e+02
2.237396850585937500e+02
2.439479980468750000e+02
3.298599853515625000e+02
2.738757324218750000e+02
2.676837158203125000e+02
2.483598937988281250e+02
2.666385192871093750e+02
2.975657958984375000e+02
2.296528778076171875e+02
2.752755737304687500e+02
2.657518920898437500e+02
3.747149658203125000e+02
3.393816223144531250e+02
2.369150848388671875e+02
2.451929779052734375e+02
3.194963684082031250e+02
4.016693115234375000e+02
3.238218383789062500e+02
2.575314025878906250e+02
2.161333923339843750e+02
2.639320678710937500e+02
4.477506713867187500e+02
3.145551147460937500e+02
3.102856140136718750e+02
2.449125671386718750e+02
2.560441284179687500e+02
2.541983032226562500e+02
3.509665527343750000e+02
2.867887268066406250e+02
2.489178771972656250e+02
3.087858886718750000e+02
2.478690795898437500e+02
3.164230651855468750e+02
2.899162902832031250e+02
2.275371093750000000e+02
2.623022460937500000e+02
2.604857482910156250e+02
2.616065368652343750e+02
2.851206970214843750e+02
3.037641601562500000e+02
4.615915527343750000e+02
2.689202270507812500e+02
2.717378540039062500e+02
2.633706054687500000e+02
3.574540710449218750e+02
4.732066040039062500e+02
2.665364074707031250e+02
2.650466003417968750e+02
2.268200378417968750e+02
3.064693603515625000e+02
2.678633728027343750e+02
2.719863891601562500e+02
2.515228576660156250e+02
2.188744506835937500e+02
3.722379150390625000e+02
3.739414367675781250e+02
2.446836242675781250e+02
2.762706298828125000e+02
2.357644653320312500e+02
2.318612976074218750e+02
2.207192077636718750e+02
2.792482299804687500e+02
3.439836425781250000e+02
3.164938659667968750e+02
4.927042541503906250e+02
2.032751464843750000e+02
2.297554321289062500e+02
2.172048645019531250e+02
2.315220336914062500e+02
2.308588256835937500e+02
2.444917907714843750e+02
2.281626281738281250e+02
2.759324645996093750e+02
2.267941589355468750e+02
2.430199279785156250e+02
3.862926330566406250e+02
2.749859313964843750e+02
2.353880920410156250e+02
2.026277160644531250e+02
2.663720092773437500e+02
2.789147949218750000e+02
2.510572662353515625e+02
2.912129211425781250e+02
2.239857482910156250e+02
2.503684387207031250e+02
2.561801452636718750e+02
2.303833007812500000e+02
2.476266784667968750e+02
2.091062011718750000e+02
3.532670898437500000e+02
2.464257812500000000e+02
2.578699340820312500e+02
2.260473937988281250e+02
2.572606811523437500e+02
2.889862060546875000e+02
3.697897949218750000e+02
4.585562133789062500e+02
2.134309692382812500e+02
2.290908813476562500e+02
2.104291381835937500e+02
2.817230224609375000e+02
2.904821472167968750e+02
2.370740051269531250e+02
2.261936340332031250e+02
2.428086547851562500e+02
2.270059204101562500e+02
2.399864654541015625e+02
2.769249572753906250e+02
2.449066772460937500e+02
2.564168701171875000e+02
2.029486389160156250e+02
2.457287902832031250e+02
2.070607910156250000e+02
3.959244079589843750e+02
2.581743164062500000e+02
2.076229705810546875e+02
2.165270996093750000e+02
2.040450592041015625e+02
1.949540863037109375e+02
3.804497070312500000e+02
2.378658599853515625e+02
2.691045532226562500e+02
2.448017883300781250e+02
2.101203918457031250e+02
2.119829101562500000e+02
2.100960083007812500e+02
2.539014892578125000e+02
2.544932098388671875e+02
2.740361938476562500e+02
2.118608703613281250e+02
3.839541320800781250e+02
2.499532012939453125e+02
2.043401336669921875e+02
1.975553283691406250e+02
2.314744720458984375e+02
2.024355468750000000e+02
3.230951538085937500e+02
2.247943572998046875e+02
2.462457580566406250e+02
2.017864074707031250e+02
1.909021453857421875e+02
2.104495697021484375e+02
2.858070678710937500e+02
2.152077331542968750e+02
2.350506591796875000e+02
2.101287841796875000e+02
1.989956054687500000e+02
2.018633728027343750e+02
2.219668273925781250e+02
1.865144653320312500e+02
1.984335937500000000e+02
2.430723266601562500e+02
2.226382751464843750e+02
2.020132751464843750e+02
2.113364257812500000e+02
2.035539550781250000e+02
2.808359069824218750e+02
2.342248687744140625e+02
2.208401336669921875e+02
3.270429077148437500e+02
1.809966583251953125e+02
2.335161437988281250e+02
2.069805450439453125e+02
2.063511352539062500e+02
2.544426879882812500e+02
1.984498138427734375e+02
1.975789642333984375e+02
2.477103118896484375e+02
1.982531738281250000e+02
2.062314605712890625e+02
1.721858825683593750e+02
2.347796936035156250e+02
2.291451721191406250e+02
1.944920959472656250e+02
2.068362121582031250e+02
1.784752807617187500e+02
2.105986480712890625e+02
1.999355163574218750e+02
2.287711791992187500e+02
1.969343261718750000e+02
2.048966369628906250e+02
2.063460693359375000e+02
2.233808288574218750e+02
2.318086242675781250e+02
2.087566986083984375e+02
2.322710418701171875e+02
2.292256164550781250e+02
2.315375823974609375e+02
2.258262023925781250e+02
1.891605224609375000e+02
1.799545593261718750e+02
2.141166839599609375e+02
2.116905212402343750e+02
2.103766479492187500e+02
1.830141296386718750e+02
2.112641754150390625e+02
1.911335144042968750e+02
1.708022766113281250e+02
1.840478668212890625e+02
2.053008117675781250e+02
2.215334472656250000e+02
1.781318664550781250e+02
2.419107055664062500e+02
1.632646789550781250e+02
1.855027923583984375e+02
1.728972167968750000e+02
2.275702362060546875e+02
1.969473266601562500e+02
2.977595214843750000e+02
2.109002380371093750e+02
1.790148468017578125e+02
1.675814361572265625e+02
2.162547912597656250e+02
2.046476440429687500e+02
2.094932708740234375e+02
2.737132568359375000e+02
1.939423828125000000e+02
2.116934051513671875e+02
1.842221374511718750e+02
2.319276580810546875e+02
2.253276367187500000e+02
2.360678558349609375e+02
2.362206115722656250e+02
2.671855468750000000e+02
2.162969055175781250e+02
1.925461730957031250e+02
1.490283813476562500e+02
1.973517761230468750e+02
2.174542236328125000e+02
2.155713958740234375e+02
1.827998504638671875e+02
1.912887878417968750e+02
2.205938720703125000e+02
2.335622711181640625e+02
2.051860198974609375e+02
1.808513336181640625e+02
2.142696533203125000e+02
1.569517517089843750e+02
2.161464843750000000e+02
2.906994628906250000e+02
2.092935943603515625e+02
1.618171997070312500e+02
1.614061279296875000e+02
2.046083984375000000e+02
1.944100036621093750e+02
2.122792968750000000e+02
1.751767730712890625e+02
3.183904418945312500e+02
1.773511657714843750e+02
1.901527252197265625e+02
1.825107421875000000e+02
1.596125793457031250e+02
2.129608917236328125e+02
1.736244506835937500e+02
1.979202117919921875e+02
1.670079193115234375e+02
1.879915161132812500e+02
2.076578063964843750e+02
1.680550537109375000e+02
1.824028930664062500e+02
1.681441497802734375e+02
1.707409362792968750e+02
1.596298980712890625e+02
1.862134857177734375e+02
3.231200561523437500e+02
2.037162780761718750e+02
1.883567810058593750e+02
2.001740417480468750e+02
2.028536071777343750e+02
2.051082305908203125e+02
1.786430053710937500e+02
1.967432098388671875e+02
1.714148712158203125e+02
1.658190002441406250e+02
1.584858856201171875e+02
1.668478393554687500e+02
1.869543762207031250e+02
1.671659240722656250e+02
1.944891510009765625e+02
1.844385528564453125e+02
2.318490142822265625e+02
1.784922790527343750e+02
1.773134307861328125e+02
1.955518035888671875e+02
1.583356018066406250e+02
1.982581024169921875e+02
1.691138305664062500e+02
1.851466827392578125e+02
2.310904846191406250e+02
1.583381042480468750e+02
1.827427368164062500e+02
1.679147338867187500e+02
1.692535095214843750e+02
1.883699951171875000e+02
1.843751068115234375e+02
1.666499328613281250e+02
1.689223785400390625e+02
2.051314697265625000e+02
1.966088104248046875e+02
2.059511871337890625e+02
1.879722442626953125e+02
1.807293701171875000e+02
1.689364013671875000e+02
2.174427490234375000e+02
1.887718505859375000e+02
1.799148864746093750e+02
1.837991943359375000e+02
1.616961364746093750e+02
1.723059997558593750e+02
2.072176818847656250e+02
1.947093963623046875e+02
2.533509521484375000e+02
1.791920471191406250e+02
1.884727172851562500e+02
2.313580627441406250e+02
2.214697570800781250e+02
1.901143798828125000e+02
1.900452270507812500e+02
1.754846496582031250e+02
3.202155151367187500e+02
2.249425659179687500e+02
2.504816894531250000e+02
2.050381622314453125e+02
1.804700012207031250e+02
1.812457427978515625e+02
1.377093505859375000e+02
3.086173095703125000e+02
1.750012512207031250e+02
1.894111022949218750e+02
1.613753051757812500e+02
2.708805847167968750e+02
1.844369354248046875e+02
2.150943145751953125e+02
2.266477508544921875e+02
3.326487426757812500e+02
2.814950256347656250e+02
2.251864318847656250e+02
1.713213195800781250e+02
1.706606445312500000e+02
2.010692138671875000e+02
2.568916625976562500e+02
1.860994262695312500e+02
2.268365478515625000e+02
1.800960998535156250e+02
1.689920501708984375e+02
2.157410888671875000e+02
1.862421264648437500e+02
1.674246826171875000e+02
1.705260162353515625e+02
1.482090606689453125e+02
1.783038330078125000e+02
2.344594726562500000e+02
1.815586547851562500e+02
1.883688659667968750e+02
1.807705688476562500e+02
1.898692626953125000e+02
1.713776397705078125e+02
1.951308288574218750e+02
2.190163574218750000e+02
1.824142761230468750e+02
1.760035858154296875e+02
2.900624389648437500e+02
1.933715209960937500e+02
1.770772094726562500e+02
1.903914947509765625e+02
1.871092834472656250e+02
1.956340942382812500e+02
1.871634521484375000e+02
1.771016082763671875e+02
1.679416656494140625e+02
1.844765930175781250e+02
1.807395172119140625e+02
1.835834197998046875e+02
1.829395446777343750e+02
1.860620117187500000e+02
1.919507446289062500e+02
1.556741333007812500e+02
1.623093414306640625e+02
1.814366149902343750e+02
2.000482635498046875e+02
1.982628479003906250e+02
2.110873718261718750e+02
1.543980255126953125e+02
2.941499938964843750e+02
2.103741455078125000e+02
3.020876464843750000e+02
1.728088989257812500e+02
1.717564392089843750e+02
2.540086059570312500e+02
1.953848114013671875e+02
1.831631774902343750e+02
1.581053161621093750e+02
1.949891967773437500e+02
3.039005737304687500e+02
2.087321624755859375e+02
2.869339599609375000e+02
2.002011871337890625e+02
1.513282012939453125e+02
1.987880554199218750e+02
1.881821746826171875e+02
1.705339660644531250e+02
2.072585754394531250e+02
1.926304931640625000e+02
2.050163879394531250e+02
2.734840393066406250e+02
1.872313232421875000e+02
2.539903564453125000e+02
1.719466400146484375e+02
2.282772827148437500e+02
1.839318847656250000e+02
2.160289306640625000e+02
2.377439117431640625e+02
2.052177886962890625e+02
1.773636169433593750e+02
2.128299865722656250e+02
1.858191986083984375e+02
1.890382537841796875e+02
1.506749267578125000e+02
1.841617584228515625e+02
1.642566375732421875e+02
2.129566497802734375e+02
2.074404754638671875e+02
1.914710083007812500e+02
2.706404418945312500e+02
1.801604919433593750e+02
1.955559082031250000e+02
1.831536407470703125e+02
1.938035583496093750e+02
1.799007873535156250e+02
1.889698486328125000e+02
1.506734008789062500e+02
1.600598297119140625e+02
1.747552185058593750e+02
2.218767242431640625e+02
1.683292694091796875e+02
1.933525085449218750e+02
1.925942993164062500e+02
1.640733642578125000e+02
1.688247375488281250e+02
1.880283203125000000e+02
2.043635864257812500e+02
1.505280151367187500e+02
2.645401000976562500e+02
1.487153625488281250e+02
1.890287017822265625e+02
2.232096252441406250e+02
1.762683868408203125e+02
1.985623474121093750e+02
2.326977844238281250e+02
1.740234985351562500e+02
1.796233825683593750e+02
1.857093353271484375e+02
1.822589416503906250e+02
1.800472259521484375e+02
1.971197662353515625e+02
2.079151306152343750e+02
1.656082305908203125e+02
1.515551147460937500e+02
2.108506469726562500e+02
1.722590484619140625e+02
1.456070251464843750e+02
1.420934448242187500e+02
1.697498168945312500e+02
1.996364135742187500e+02
2.521854095458984375e+02
1.644322204589843750e+02
2.079860534667968750e+02
1.701774749755859375e+02
1.645160827636718750e+02
1.635466918945312500e+02
1.628800659179687500e+02
1.697066650390625000e+02
1.796923980712890625e+02
1.898085174560546875e+02
1.743835754394531250e+02
1.563191528320312500e+02
1.602533569335937500e+02
1.698421173095703125e+02
1.990168762207031250e+02
1.785670928955078125e+02
2.598899536132812500e+02
2.183099060058593750e+02
1.353590393066406250e+02
1.566269836425781250e+02
1.506024780273437500e+02
1.609205627441406250e+02
1.509620361328125000e+02
1.821910400390625000e+02
2.063605041503906250e+02
1.593103790283203125e+02
1.561280517578125000e+02
1.641273040771484375e+02
1.650621948242187500e+02
1.767294006347656250e+02
1.405612335205078125e+02
2.251447753906250000e+02
1.477241516113281250e+02
1.641595458984375000e+02
1.563790588378906250e+02
1.697695770263671875e+02
1.644740295410156250e+02
1.480238342285156250e+02
1.839707946777343750e+02
1.746109313964843750e+02
2.288480072021484375e+02
1.663206939697265625e+02
1.838324127197265625e+02
1.515517272949218750e+02
1.478207092285156250e+02
2.110163574218750000e+02
1.533072204589843750e+02
1.492348937988281250e+02
1.654766540527343750e+02
1.536856689453125000e+02
1.457839202880859375e+02
1.532622680664062500e+02
1.913059692382812500e+02
1.435835876464843750e+02
1.804095458984375000e+02
1.430047149658203125e+02
1.430361328125000000e+02
1.471700134277343750e+02
1.431133422851562500e+02
1.625195312500000000e+02
1.468932342529296875e+02
1.752273254394531250e+02
1.469675292968750000e+02
1.358578491210937500e+02
1.568679962158203125e+02
1.384228515625000000e+02
1.574529724121093750e+02
1.479781494140625000e+02
1.641287536621093750e+02
1.442606201171875000e+02
1.639259338378906250e+02
1.645162963867187500e+02
1.624107055664062500e+02
1.458603515625000000e+02
1.666337585449218750e+02
1.557023468017578125e+02
1.533624572753906250e+02
1.686922149658203125e+02
1.710955200195312500e+02
1.637554321289062500e+02
1.831657257080078125e+02
1.519695434570312500e+02
1.929913940429687500e+02
1.589735107421875000e+02
1.420364532470703125e+02
1.633697814941406250e+02
1.498787841796875000e+02
1.597136535644531250e+02
1.470711364746093750e+02
1.582175598144531250e+02
1.360851593017578125e+02
1.467614593505859375e+02
1.336788940429687500e+02
1.389660034179687500e+02
1.596535949707031250e+02
1.545445556640625000e+02
1.542183227539062500e+02
1.639631958007812500e+02
1.328578948974609375e+02
1.294512634277343750e+02
1.512357330322265625e+02
1.968084259033203125e+02
1.487277679443359375e+02
1.477395629882812500e+02
1.803539428710937500e+02
1.436074218750000000e+02
1.460759735107421875e+02
1.497857666015625000e+02
1.666044921875000000e+02
1.733358612060546875e+02
1.325714111328125000e+02
1.513349304199218750e+02
1.435138092041015625e+02
1.330838623046875000e+02
1.495511627197265625e+02
1.614424438476562500e+02
1.534633789062500000e+02
1.509919586181640625e+02
1.430211486816406250e+02
1.309412689208984375e+02
1.368432006835937500e+02
1.277566680908203125e+02
1.336428833007812500e+02
1.272626571655273438e+02
1.253703002929687500e+02
1.518321838378906250e+02
1.409873962402343750e+02
1.474337005615234375e+02
1.561233215332031250e+02
1.670166473388671875e+02
1.337962188720703125e+02
1.223819198608398438e+02
1.366709442138671875e+02
1.246986236572265625e+02
1.505968475341796875e+02
1.426251373291015625e+02
1.333377685546875000e+02
1.663426513671875000e+02
1.561558380126953125e+02
1.296828308105468750e+02
1.592209472656250000e+02
1.782627258300781250e+02
1.396270141601562500e+02
1.384695434570312500e+02
1.566710205078125000e+02
1.564704284667968750e+02
1.317346038818359375e+02
1.412220764160156250e+02
1.261554031372070312e+02
1.252536392211914062e+02
1.460155487060546875e+02
1.305304870605468750e+02
1.191249313354492188e+02
1.583973541259765625e+02
1.479541778564453125e+02
1.636445770263671875e+02
1.515244140625000000e+02
1.435255737304687500e+02
1.402592468261718750e+02
1.488850097656250000e+02
1.428243865966796875e+02
1.241862258911132812e+02
1.587168579101562500e+02
1.474865722656250000e+02
1.331636657714843750e+02
1.349142456054687500e+02
1.292152709960937500e+02
1.447412414550781250e+02
1.523584594726562500e+02
1.738559265136718750e+02
1.352854309082031250e+02
1.295102844238281250e+02
1.525046691894531250e+02
1.344847717285156250e+02
1.447771148681640625e+02
1.289265747070312500e+02
1.323554687500000000e+02
1.675686798095703125e+02
1.502166137695312500e+02
1.510252532958984375e+02
1.265638275146484375e+02
1.318846588134765625e+02
1.229424057006835938e+02
1.352232055664062500e+02
1.668959808349609375e+02
1.404839477539062500e+02
1.470236053466796875e+02
1.479891662597656250e+02
1.373907165527343750e+02
1.465986633300781250e+02
1.341719970703125000e+02
1.625229797363281250e+02
1.350740509033203125e+02
1.360981750488281250e+02
1.369263610839843750e+02
1.384667053222656250e+02
1.378576660156250000e+02
1.233979492187500000e+02
1.511206054687500000e+02
1.251633453369140625e+02
1.254065475463867188e+02
1.291710815429687500e+02
1.345706329345703125e+02
1.263566665649414062e+02
1.257179183959960938e+02
1.300074310302734375e+02
1.343040313720703125e+02
1.300649719238281250e+02
1.625485839843750000e+02
1.178267898559570312e+02
1.166484069824218750e+02
1.434075164794921875e+02
1.298860473632812500e+02
1.539845733642578125e+02
1.230337295532226562e+02
1.257994537353515625e+02
1.669124755859375000e+02
1.149055099487304688e+02
1.075886688232421875e+02
1.117973175048828125e+02
1.247302246093750000e+02
1.306316833496093750e+02
1.258796386718750000e+02
1.382523651123046875e+02
1.260845031738281250e+02
1.143872985839843750e+02
1.174178466796875000e+02
1.498921508789062500e+02
1.300923461914062500e+02
1.267284240722656250e+02
1.325305938720703125e+02
1.421509094238281250e+02
1.149498367309570312e+02
1.045909729003906250e+02
1.214860534667968750e+02
1.273679122924804688e+02
1.176374359130859375e+02
1.310983886718750000e+02
1.187408065795898438e+02
1.538198394775390625e+02
1.463032836914062500e+02
1.152769699096679688e+02
1.378893127441406250e+02
1.329959411621093750e+02
1.630118408203125000e+02
1.392032470703125000e+02
1.362630004882812500e+02
1.300028076171875000e+02
1.332554016113281250e+02
1.518731079101562500e+02
1.347322387695312500e+02
1.214397430419921875e+02
1.207737274169921875e+02
1.138112258911132812e+02
1.424973754882812500e+02
1.322301635742187500e+02
1.276669235229492188e+02
1.356970825195312500e+02
1.175399856567382812e+02
1.381913909912109375e+02
1.495056762695312500e+02
1.162029266357421875e+02
1.147985305786132812e+02
1.139133758544921875e+02
1.319775085449218750e+02
1.421116027832031250e+02
1.377968750000000000e+02
1.297063293457031250e+02
1.309646759033203125e+02
1.137302398681640625e+02
1.181150665283203125e+02
1.186645507812500000e+02
1.331772918701171875e+02
1.370073242187500000e+02
1.557278137207031250e+02
1.226330490112304688e+02
1.383078002929687500e+02
1.269928131103515625e+02
1.259835662841796875e+02
1.345733489990234375e+02
1.256839828491210938e+02
1.176689910888671875e+02
1.440266723632812500e+02
1.197619781494140625e+02
1.300519409179687500e+02
1.234515380859375000e+02
1.416748809814453125e+02
1.235083999633789062e+02
1.291761779785156250e+02
1.248012390136718750e+02
1.336155700683593750e+02
1.073060455322265625e+02
1.404962158203125000e+02
9.416700744628906250e+01
1.516771850585937500e+02
1.359150390625000000e+02
1.245204162597656250e+02
1.532296905517578125e+02
1.029650955200195312e+02
1.405167541503906250e+02
1.268267898559570312e+02
1.350108947753906250e+02
1.041754531860351562e+02
1.279990844726562500e+02
1.091828079223632812e+02
1.327339935302734375e+02
1.194474487304687500e+02
1.198426971435546875e+02
1.160661163330078125e+02
1.109019622802734375e+02
1.194899902343750000e+02
1.082612686157226562e+02
1.247027511596679688e+02
1.302564392089843750e+02
1.007234954833984375e+02
1.462027282714843750e+02
1.257002105712890625e+02
1.076953582763671875e+02
1.117312774658203125e+02
1.382294769287109375e+02
1.279209442138671875e+02
1.161158065795898438e+02
1.253693542480468750e+02
1.457067413330078125e+02
1.323649902343750000e+02
1.187932434082031250e+02
1.372550048828125000e+02
1.377224273681640625e+02
1.288205566406250000e+02
1.224803924560546875e+02
1.208488464355468750e+02
1.160097198486328125e+02
1.020096435546875000e+02
1.272807312011718750e+02
1.064392242431640625e+02
1.054290847778320312e+02
1.178697509765625000e+02
1.288653869628906250e+02
1.325510559082031250e+02
1.140270843505859375e+02
1.234349594116210938e+02
1.541476287841796875e+02
1.235583038330078125e+02
1.387494506835937500e+02
1.152564926147460938e+02
1.162742385864257812e+02
1.236429977416992188e+02
1.294198913574218750e+02
1.440216674804687500e+02
1.151960678100585938e+02
1.283881072998046875e+02
1.054433593750000000e+02
1.045273742675781250e+02
1.028861465454101562e+02
1.231502990722656250e+02
1.379264526367187500e+02
1.305794372558593750e+02
1.512030487060546875e+02
1.045767974853515625e+02
1.115070648193359375e+02
1.173559570312500000e+02
1.190512542724609375e+02
1.119328613281250000e+02
1.204338302612304688e+02
1.260421295166015625e+02
1.447734832763671875e+02
1.148276062011718750e+02
1.296925811767578125e+02
1.250104827880859375e+02
1.214410400390625000e+02
1.277013931274414062e+02
1.202361068725585938e+02
1.111746826171875000e+02
1.316675872802734375e+02
1.212641601562500000e+02
1.025012359619140625e+02
1.369446868896484375e+02
1.251512908935546875e+02
1.329152526855468750e+02
1.339180297851562500e+02
1.118520965576171875e+02
1.354441833496093750e+02
1.010025329589843750e+02
1.245688018798828125e+02
1.123998641967773438e+02
1.318686981201171875e+02
1.234545440673828125e+02
1.102237396240234375e+02
1.336670227050781250e+02
1.204399185180664062e+02
1.167826080322265625e+02
1.113829879760742188e+02
1.182559661865234375e+02
1.096268997192382812e+02
1.383024749755859375e+02
1.161976013183593750e+02
1.221756134033203125e+02
1.231174850463867188e+02
1.268786468505859375e+02
1.232293319702148438e+02
1.092110214233398438e+02
1.173980865478515625e+02
1.155213928222656250e+02
1.086394042968750000e+02
1.008840713500976562e+02
1.052995300292968750e+02
1.077623901367187500e+02
1.330141906738281250e+02
1.275123214721679688e+02
1.138047485351562500e+02
1.274449615478515625e+02
1.199997253417968750e+02
1.116085968017578125e+02
1.436148071289062500e+02
1.125920715332031250e+02
1.352360839843750000e+02
1.161104583740234375e+02
1.151713562011718750e+02
1.228738403320312500e+02
1.160102844238281250e+02
9.886370849609375000e+01
1.094172515869140625e+02
1.019163970947265625e+02
1.145981216430664062e+02
1.099042434692382812e+02
1.312175598144531250e+02
1.444868164062500000e+02
1.102726669311523438e+02
1.011184082031250000e+02
1.388124237060546875e+02
1.249201812744140625e+02
9.959243774414062500e+01
1.273361892700195312e+02
1.189609451293945312e+02
1.321629333496093750e+02
1.124866256713867188e+02
1.275238037109375000e+02
1.120708618164062500e+02
1.201633605957031250e+02
1.087466735839843750e+02
1.192404556274414062e+02
1.148238677978515625e+02
1.097161712646484375e+02
1.086523361206054688e+02
1.298549041748046875e+02
1.441487121582031250e+02
1.354020385742187500e+02
1.218602523803710938e+02
1.340567016601562500e+02
1.349210052490234375e+02
1.069526214599609375e+02
1.149889831542968750e+02
1.359032287597656250e+02
1.285356903076171875e+02
1.276489410400390625e+02
1.401144561767578125e+02
1.387423095703125000e+02
1.313071289062500000e+02
1.313170623779296875e+02
1.229774780273437500e+02
1.480593566894531250e+02
1.275883789062500000e+02
1.325306091308593750e+02
1.113417816162109375e+02
1.160117492675781250e+02
1.298823547363281250e+02
1.144663162231445312e+02
1.066121520996093750e+02
1.184565734863281250e+02
1.365842895507812500e+02
1.303263244628906250e+02
1.123918609619140625e+02
1.156481781005859375e+02
1.116909713745117188e+02
1.206495056152343750e+02
1.070243606567382812e+02
1.124952850341796875e+02
1.112507476806640625e+02
1.190361709594726562e+02
1.134104995727539062e+02
1.280615081787109375e+02
1.152696990966796875e+02
1.269733581542968750e+02
1.200240478515625000e+02
1.288927459716796875e+02
1.051466064453125000e+02
1.186540145874023438e+02
1.148428649902343750e+02
1.053784179687500000e+02
1.012164764404296875e+02
1.214469146728515625e+02
1.347781219482421875e+02
1.214338073730468750e+02
1.109210968017578125e+02
1.241438522338867188e+02
1.190109710693359375e+02
1.352607116699218750e+02
1.203397064208984375e+02
1.488772277832031250e+02
1.068687667846679688e+02
1.040538940429687500e+02
1.148545532226562500e+02
1.041956024169921875e+02
1.149865951538085938e+02
1.188630371093750000e+02
1.043358383178710938e+02
1.072609252929687500e+02
1.084858093261718750e+02
1.001703796386718750e+02
1.132588500976562500e+02
1.170072402954101562e+02
1.259404907226562500e+02
1.122266159057617188e+02
1.225812072753906250e+02
1.260676269531250000e+02
1.144644241333007812e+02
1.278187179565429688e+02
1.254881286621093750e+02
9.668878173828125000e+01
1.341168212890625000e+02
1.344522552490234375e+02
1.224793395996093750e+02
1.300318603515625000e+02
1.247826461791992188e+02
1.210644531250000000e+02
1.077930603027343750e+02
1.047677764892578125e+02
1.077867736816406250e+02
1.097664489746093750e+02
9.715933227539062500e+01
1.024407501220703125e+02
1.084531860351562500e+02
1.176289215087890625e+02
1.177100677490234375e+02
1.347553710937500000e+02
1.115283737182617188e+02
9.952285003662109375e+01
1.070762329101562500e+02
1.289358520507812500e+02
1.152741317749023438e+02
1.115536651611328125e+02
1.069476776123046875e+02
1.321290588378906250e+02
1.010631484985351562e+02
9.767774963378906250e+01
1.083252410888671875e+02
1.018814849853515625e+02
1.258547363281250000e+02
9.072665405273437500e+01
1.211573638916015625e+02
1.015601272583007812e+02
1.053383026123046875e+02
9.351970672607421875e+01
1.317617187500000000e+02
1.114211654663085938e+02
1.017588882446289062e+02
9.876704406738281250e+01
1.198430175781250000e+02
1.046508636474609375e+02
1.036339035034179688e+02
1.088125610351562500e+02
1.151460418701171875e+02
9.154418182373046875e+01
8.252917480468750000e+01
1.109225540161132812e+02
1.161523361206054688e+02
1.222867736816406250e+02
1.119805603027343750e+02
1.147064971923828125e+02
1.106801300048828125e+02
1.065222778320312500e+02
1.075956954956054688e+02
1.086983489990234375e+02
1.255225448608398438e+02
1.010667572021484375e+02
1.144805145263671875e+02
1.044077301025390625e+02
8.917249298095703125e+01
1.175208358764648438e+02
1.220153579711914062e+02
1.227897720336914062e+02
1.125697326660156250e+02
1.068418884277343750e+02
9.238919067382812500e+01
1.208985443115234375e+02
1.124539794921875000e+02
9.166874694824218750e+01
1.086072769165039062e+02
1.137469406127929688e+02
1.235565109252929688e+02
1.183659667968750000e+02
9.414971923828125000e+01
1.218214874267578125e+02
1.046675643920898438e+02
1.343569488525390625e+02
1.275774993896484375e+02
1.102170257568359375e+02
9.722651672363281250e+01
9.820320129394531250e+01
1.099239959716796875e+02
1.201959457397460938e+02
1.043383026123046875e+02
1.186230697631835938e+02
1.053303985595703125e+02
1.061554031372070312e+02
1.260499038696289062e+02
1.079854583740234375e+02
1.036802062988281250e+02
1.043700485229492188e+02
1.133670272827148438e+02
1.119923095703125000e+02
9.988256835937500000e+01
1.061013183593750000e+02
1.028377685546875000e+02
1.075480804443359375e+02
1.107928237915039062e+02
1.175394744873046875e+02
1.046215896606445312e+02
9.532707214355468750e+01
9.451402282714843750e+01
1.141736297607421875e+02
1.130192947387695312e+02
1.017276458740234375e+02
1.027874908447265625e+02
9.742282104492187500e+01
1.272018203735351562e+02
9.776225280761718750e+01
1.166936492919921875e+02
1.037110061645507812e+02
1.029627456665039062e+02
1.342156372070312500e+02
9.894269561767578125e+01
1.016706390380859375e+02
9.775114440917968750e+01
1.100849838256835938e+02
1.179475402832031250e+02
1.175739822387695312e+02
1.143742294311523438e+02
1.137462921142578125e+02
9.781283569335937500e+01
1.189139785766601562e+02
1.262304153442382812e+02
1.085888900756835938e+02
1.043703231811523438e+02
1.013457260131835938e+02
1.122301101684570312e+02
9.960857391357421875e+01
1.071079559326171875e+02
1.080512542724609375e+02
1.014567260742187500e+02
1.049187698364257812e+02
1.068208541870117188e+02
1.240874710083007812e+02
1.268440246582031250e+02
1.007996215820312500e+02
1.124459915161132812e+02
9.701399993896484375e+01
1.164158020019531250e+02
1.043658599853515625e+02
9.930913543701171875e+01
1.111795959472656250e+02
1.161740722656250000e+02
9.737895965576171875e+01
1.200925598144531250e+02
9.731568908691406250e+01
1.015417633056640625e+02
1.134463500976562500e+02
1.030568847656250000e+02
1.135665359497070312e+02
1.013266143798828125e+02
1.030145263671875000e+02
1.135019073486328125e+02
9.167962646484375000e+01
1.064408874511718750e+02
1.079853897094726562e+02
1.153409500122070312e+02
1.130962600708007812e+02
1.311183166503906250e+02
1.238197784423828125e+02
1.020737838745117188e+02
1.085607528686523438e+02
9.461132812500000000e+01
1.009396362304687500e+02
9.407737731933593750e+01
1.000348968505859375e+02
1.097873764038085938e+02
1.113492736816406250e+02
1.253475723266601562e+02
9.863874816894531250e+01
1.099098052978515625e+02
1.125201187133789062e+02
1.055740509033203125e+02
8.812404632568359375e+01
1.265636978149414062e+02
1.014696807861328125e+02
1.041519470214843750e+02
1.301801147460937500e+02
1.202823028564453125e+02
1.044447937011718750e+02
9.106475830078125000e+01
1.145890502929687500e+02
1.096383972167968750e+02
1.058871002197265625e+02
1.488482513427734375e+02
1.104859008789062500e+02
9.873534393310546875e+01
1.103551712036132812e+02
1.273596649169921875e+02
1.089419708251953125e+02
1.104126892089843750e+02
1.163772888183593750e+02
1.015092468261718750e+02
1.265371322631835938e+02
1.099999771118164062e+02
1.029242095947265625e+02
1.360953369140625000e+02
1.245655441284179688e+02
1.076840362548828125e+02
1.108299102783203125e+02
1.017486572265625000e+02
1.114955291748046875e+02
8.862864685058593750e+01
1.075843429565429688e+02
1.170294876098632812e+02
1.038089599609375000e+02
9.013549804687500000e+01
1.014105224609375000e+02
9.947068023681640625e+01
1.055642776489257812e+02
1.086899261474609375e+02
1.169155426025390625e+02
1.048410644531250000e+02
1.008687133789062500e+02
1.007646484375000000e+02
1.090168151855468750e+02
9.758718872070312500e+01
1.036636428833007812e+02
1.081549377441406250e+02
1.020766983032226562e+02
1.149327621459960938e+02
8.912277221679687500e+01
1.224178085327148438e+02
1.093775482177734375e+02
1.051513214111328125e+02
1.090314483642578125e+02
1.068069763183593750e+02
8.607866668701171875e+01
1.120342407226562500e+02
1.078432769775390625e+02
1.065117416381835938e+02
1.043363494873046875e+02
1.027685699462890625e+02
1.053582229614257812e+02
1.028283462524414062e+02
1.052191772460937500e+02
1.253562545776367188e+02
1.064327239990234375e+02
9.931011199951171875e+01
1.045022354125976562e+02
1.036195449829101562e+02
8.634761810302734375e+01
1.110268936157226562e+02
9.421197509765625000e+01
8.579057312011718750e+01
9.946596527099609375e+01
1.069504547119140625e+02
1.058578643798828125e+02
1.198709716796875000e+02
9.127359008789062500e+01
9.503189849853515625e+01
1.100638656616210938e+02
9.172898864746093750e+01
1.069441070556640625e+02
1.145778045654296875e+02
1.088110351562500000e+02
9.360186004638671875e+01
1.064185791015625000e+02
1.147960357666015625e+02
9.697816467285156250e+01
1.005586776733398438e+02
9.118861389160156250e+01
9.773406982421875000e+01
8.480992889404296875e+01
1.037758560180664062e+02
9.524961853027343750e+01
9.337393188476562500e+01
8.602478790283203125e+01
1.035937500000000000e+02
8.415226745605468750e+01
9.510122680664062500e+01
1.075615539550781250e+02
1.090306930541992188e+02
9.112890625000000000e+01
1.035791168212890625e+02
1.210861206054687500e+02
1.025252227783203125e+02
1.060969696044921875e+02
1.090314865112304688e+02
1.098683471679687500e+02
1.044359207153320312e+02
1.000108795166015625e+02
1.027134704589843750e+02
1.095446624755859375e+02
8.578346252441406250e+01
1.175602645874023438e+02
1.023334197998046875e+02
1.121045989990234375e+02
1.069441146850585938e+02
1.033071746826171875e+02
1.096502075195312500e+02
1.006934509277343750e+02
1.083352508544921875e+02
1.206287841796875000e+02
1.004504165649414062e+02
1.026315155029296875e+02
9.808784484863281250e+01
1.009331665039062500e+02
9.672679138183593750e+01
9.513137817382812500e+01
9.302691650390625000e+01
1.025232849121093750e+02
9.351661682128906250e+01
9.606642150878906250e+01
8.476378631591796875e+01
1.010972900390625000e+02
7.722158813476562500e+01
8.639637756347656250e+01
9.966351318359375000e+01
1.161283416748046875e+02
1.045810089111328125e+02
1.100362396240234375e+02
1.136403884887695312e+02
9.996802520751953125e+01
9.199162292480468750e+01
1.251040039062500000e+02
