7.037649414062500000e+03
5.287489257812500000e+03
2.345464599609375000e+03
9.240413818359375000e+02
8.498183593750000000e+02
6.412432861328125000e+02
5.555300292968750000e+02
6.210245361328125000e+02
5.700656738281250000e+02
5.606725463867187500e+02
7.292524414062500000e+02
5.393417968750000000e+02
5.163763427734375000e+02
5.345949707031250000e+02
5.696710815429687500e+02
5.554769287109375000e+02
5.094353027343750000e+02
5.109642944335937500e+02
5.252713012695312500e+02
5.185543823242187500e+02
5.198791503906250000e+02
5.849093017578125000e+02
5.118370361328125000e+02
5.092783813476562500e+02
5.014106140136718750e+02
5.077349243164062500e+02
5.391654052734375000e+02
5.132482910156250000e+02
4.999215393066406250e+02
5.015123901367187500e+02
5.080249023437500000e+02
5.026438598632812500e+02
5.253453369140625000e+02
5.145386962890625000e+02
6.137216796875000000e+02
4.792667846679687500e+02
5.302921142578125000e+02
5.348591308593750000e+02
5.179033203125000000e+02
4.926231994628906250e+02
4.761119384765625000e+02
5.033433532714843750e+02
4.990138549804687500e+02
4.919214782714843750e+02
5.401428833007812500e+02
4.801495971679687500e+02
4.882368469238281250e+02
5.046328735351562500e+02
4.717790222167968750e+02
5.002130737304687500e+02
4.715141601562500000e+02
4.721450805664062500e+02
5.029080810546875000e+02
4.590076904296875000e+02
4.831345825195312500e+02
4.841529235839843750e+02
4.753757934570312500e+02
4.473304748535156250e+02
4.490365295410156250e+02
4.586436767578125000e+02
4.881133117675781250e+02
4.890094909667968750e+02
4.712847900390625000e+02
4.559392089843750000e+02
4.497548828125000000e+02
4.392394409179687500e+02
4.509583129882812500e+02
5.037769470214843750e+02
5.146147460937500000e+02
4.931566772460937500e+02
4.225447387695312500e+02
4.427707824707031250e+02
4.290168762207031250e+02
4.574147338867187500e+02
5.116242065429687500e+02
4.602008056640625000e+02
3.923837280273437500e+02
3.903950195312500000e+02
4.023146362304687500e+02
4.350025329589843750e+02
4.008483886718750000e+02
3.805471801757812500e+02
3.674470520019531250e+02
3.867432250976562500e+02
3.693375854492187500e+02
3.741010742187500000e+02
3.564609985351562500e+02
3.612622070312500000e+02
3.655286865234375000e+02
3.433121643066406250e+02
3.369951782226562500e+02
3.511540222167968750e+02
3.770556640625000000e+02
3.711796264648437500e+02
3.423048400878906250e+02
3.166115417480468750e+02
3.057957153320312500e+02
3.101295166015625000e+02
3.075898437500000000e+02
3.038718261718750000e+02
3.080865478515625000e+02
3.416775207519531250e+02
3.227520751953125000e+02
3.118367614746093750e+02
2.990549926757812500e+02
3.007979125976562500e+02
2.952092285156250000e+02
3.133833007812500000e+02
3.062056274414062500e+02
3.099893798828125000e+02
2.947722167968750000e+02
2.798119506835937500e+02
3.053598937988281250e+02
2.858105468750000000e+02
2.973688354492187500e+02
2.746383361816406250e+02
3.005188293457031250e+02
3.031541137695312500e+02
2.861824340820312500e+02
3.041069946289062500e+02
2.742758483886718750e+02
2.713326416015625000e+02
2.808399658203125000e+02
2.808406677246093750e+02
2.789768066406250000e+02
2.924415893554687500e+02
2.763700866699218750e+02
2.764492797851562500e+02
2.632897338867187500e+02
2.602473449707031250e+02
2.690751953125000000e+02
2.530748901367187500e+02
2.557119445800781250e+02
2.553469848632812500e+02
2.585686645507812500e+02
2.581445312500000000e+02
2.652012939453125000e+02
2.599902954101562500e+02
2.525208587646484375e+02
2.515175781250000000e+02
2.477489013671875000e+02
2.409675445556640625e+02
2.452642211914062500e+02
2.343164367675781250e+02
2.293061370849609375e+02
2.434334411621093750e+02
2.285365142822265625e+02
2.437166442871093750e+02
2.364166564941406250e+02
2.239043273925781250e+02
2.302425537109375000e+02
2.367648315429687500e+02
2.312076873779296875e+02
2.252131042480468750e+02
2.194539031982421875e+02
2.205603179931640625e+02
2.312082977294921875e+02
2.214457092285156250e+02
2.329913482666015625e+02
2.222830352783203125e+02
2.331363525390625000e+02
2.318700561523437500e+02
2.254281616210937500e+02
2.297227478027343750e+02
2.209917602539062500e+02
2.209797363281250000e+02
2.154306335449218750e+02
2.233972778320312500e+02
2.254815368652343750e+02
2.186779174804687500e+02
2.183243408203125000e+02
2.161399841308593750e+02
2.164684906005859375e+02
2.154380798339843750e+02
2.165658264160156250e+02
2.135482940673828125e+02
2.156092071533203125e+02
2.115441894531250000e+02
2.176242065429687500e+02
2.039326782226562500e+02
2.089022369384765625e+02
2.049053955078125000e+02
2.117112426757812500e+02
2.110078125000000000e+02
2.094256744384765625e+02
2.019569244384765625e+02
2.043069152832031250e+02
1.974098510742187500e+02
2.060203247070312500e+02
2.059841003417968750e+02
2.002718811035156250e+02
2.042563781738281250e+02
2.012952423095703125e+02
2.014607849121093750e+02
2.092910461425781250e+02
2.042495727539062500e+02
2.055567016601562500e+02
1.992181854248046875e+02
1.994394836425781250e+02
2.056330718994140625e+02
2.064199218750000000e+02
1.983336791992187500e+02
1.988077697753906250e+02
2.045197143554687500e+02
1.992991943359375000e+02
2.040263671875000000e+02
2.067593536376953125e+02
2.005776062011718750e+02
1.975971527099609375e+02
2.064819030761718750e+02
1.998122253417968750e+02
1.959409790039062500e+02
1.963825531005859375e+02
2.002210998535156250e+02
1.974700317382812500e+02
1.981630401611328125e+02
1.929080200195312500e+02
1.975355072021484375e+02
1.930901489257812500e+02
1.937897033691406250e+02
1.957786865234375000e+02
1.960103607177734375e+02
1.911400451660156250e+02
1.881410369873046875e+02
1.911245880126953125e+02
1.893054656982421875e+02
1.882793579101562500e+02
1.925493469238281250e+02
1.905166473388671875e+02
1.878939819335937500e+02
1.934488677978515625e+02
1.913254699707031250e+02
1.908598022460937500e+02
1.901428527832031250e+02
1.868256530761718750e+02
1.908925018310546875e+02
1.914825134277343750e+02
1.871666259765625000e+02
1.879966430664062500e+02
1.866107635498046875e+02
1.896775207519531250e+02
1.939215393066406250e+02
1.842479400634765625e+02
1.869925537109375000e+02
1.887329711914062500e+02
1.911293945312500000e+02
1.886884155273437500e+02
1.887432098388671875e+02
1.894494934082031250e+02
1.889304351806640625e+02
1.844133453369140625e+02
1.817187194824218750e+02
1.818098602294921875e+02
1.875583343505859375e+02
1.862200317382812500e+02
1.846619873046875000e+02
1.828204345703125000e+02
1.841653289794921875e+02
1.892288513183593750e+02
1.868081970214843750e+02
1.886185913085937500e+02
1.882005920410156250e+02
1.863769683837890625e+02
1.896511535644531250e+02
1.874656372070312500e+02
1.885403289794921875e+02
1.894905090332031250e+02
1.906208343505859375e+02
1.849818878173828125e+02
1.829694213867187500e+02
1.823167114257812500e+02
1.900650329589843750e+02
1.840515441894531250e+02
1.841606750488281250e+02
1.835291595458984375e+02
1.833176574707031250e+02
1.834883880615234375e+02
1.875706634521484375e+02
1.830038909912109375e+02
1.849482116699218750e+02
1.832032775878906250e+02
1.855994110107421875e+02
1.819096527099609375e+02
1.864152679443359375e+02
1.900933685302734375e+02
1.800173645019531250e+02
1.787343902587890625e+02
1.831243591308593750e+02
1.784165039062500000e+02
1.822139434814453125e+02
1.868288574218750000e+02
1.772862701416015625e+02
1.799993286132812500e+02
1.832042999267578125e+02
1.799967956542968750e+02
1.853977508544921875e+02
1.806334838867187500e+02
1.848164672851562500e+02
1.893321533203125000e+02
1.843392333984375000e+02
1.852599945068359375e+02
1.811526947021484375e+02
1.804421081542968750e+02
1.828560180664062500e+02
1.787799377441406250e+02
1.799683837890625000e+02
1.830294799804687500e+02
1.818409423828125000e+02
1.892781066894531250e+02
1.814407958984375000e+02
1.814738464355468750e+02
1.856154479980468750e+02
1.803598937988281250e+02
1.831192321777343750e+02
1.892253723144531250e+02
1.799366760253906250e+02
1.973874511718750000e+02
1.796780548095703125e+02
1.826183166503906250e+02
1.876334228515625000e+02
1.801573181152343750e+02
2.007815856933593750e+02
1.858930358886718750e+02
1.885964355468750000e+02
1.852449035644531250e+02
1.839871215820312500e+02
1.901871643066406250e+02
1.774776306152343750e+02
1.787428588867187500e+02
1.772768096923828125e+02
1.891315307617187500e+02
1.801266937255859375e+02
1.806471252441406250e+02
1.873549499511718750e+02
1.828110504150390625e+02
1.790716400146484375e+02
1.765041503906250000e+02
1.869392395019531250e+02
1.775508728027343750e+02
1.773871307373046875e+02
1.763256225585937500e+02
1.801699218750000000e+02
1.852141418457031250e+02
1.811021118164062500e+02
1.834954223632812500e+02
1.798060302734375000e+02
1.826400756835937500e+02
1.848191986083984375e+02
1.860998535156250000e+02
1.860900573730468750e+02
1.967038269042968750e+02
1.943652801513671875e+02
1.883694763183593750e+02
1.902453460693359375e+02
1.787997741699218750e+02
1.810117492675781250e+02
1.810845336914062500e+02
1.881902618408203125e+02
1.851254577636718750e+02
1.800206604003906250e+02
1.973764953613281250e+02
1.973855895996093750e+02
2.269921875000000000e+02
1.859419708251953125e+02
1.951640472412109375e+02
1.935537567138671875e+02
1.826850128173828125e+02
1.977606353759765625e+02
1.972736206054687500e+02
1.895448608398437500e+02
1.856864929199218750e+02
1.915057220458984375e+02
1.938678894042968750e+02
1.854641571044921875e+02
1.873225250244140625e+02
1.852416381835937500e+02
1.831892395019531250e+02
1.840564880371093750e+02
1.850853881835937500e+02
1.879898681640625000e+02
1.806957397460937500e+02
1.840352020263671875e+02
1.870203552246093750e+02
1.899946594238281250e+02
1.830791320800781250e+02
1.870176239013671875e+02
1.874559936523437500e+02
1.823488311767578125e+02
1.829844818115234375e+02
1.868135375976562500e+02
1.794573974609375000e+02
1.876555175781250000e+02
1.765123291015625000e+02
1.819784240722656250e+02
1.770932006835937500e+02
1.954082489013671875e+02
1.722156372070312500e+02
1.842662048339843750e+02
1.854772033691406250e+02
1.848936767578125000e+02
1.768119506835937500e+02
1.856031799316406250e+02
1.896977539062500000e+02
1.849211883544921875e+02
1.824789581298828125e+02
1.763143920898437500e+02
1.850153656005859375e+02
1.762937469482421875e+02
1.827976379394531250e+02
1.791864318847656250e+02
1.860439453125000000e+02
1.827493743896484375e+02
1.831240234375000000e+02
1.849226074218750000e+02
1.788506469726562500e+02
2.291039276123046875e+02
2.038209533691406250e+02
1.986466064453125000e+02
1.805343627929687500e+02
1.784543151855468750e+02
1.820073242187500000e+02
1.798968811035156250e+02
1.833289642333984375e+02
1.751094055175781250e+02
1.766983947753906250e+02
1.787335052490234375e+02
1.792215118408203125e+02
1.755720214843750000e+02
1.739306030273437500e+02
1.766844177246093750e+02
1.760928497314453125e+02
1.746653137207031250e+02
1.769433898925781250e+02
1.822897949218750000e+02
1.978064270019531250e+02
1.758338623046875000e+02
1.730079650878906250e+02
1.685073852539062500e+02
1.729285583496093750e+02
1.724289245605468750e+02
1.740504455566406250e+02
1.797976684570312500e+02
1.752804565429687500e+02
1.724948120117187500e+02
1.708874969482421875e+02
1.777185363769531250e+02
1.741253662109375000e+02
1.728116302490234375e+02
1.785857849121093750e+02
1.767669525146484375e+02
1.768257751464843750e+02
1.798297119140625000e+02
1.707547760009765625e+02
1.691075744628906250e+02
1.670841217041015625e+02
1.767010192871093750e+02
1.687450103759765625e+02
1.704974975585937500e+02
1.697315673828125000e+02
1.675941162109375000e+02
1.845223999023437500e+02
1.693689880371093750e+02
1.664078216552734375e+02
1.706775665283203125e+02
1.673154907226562500e+02
1.711876831054687500e+02
1.663011169433593750e+02
1.684861450195312500e+02
1.733452453613281250e+02
1.689046630859375000e+02
1.678877258300781250e+02
1.728815612792968750e+02
1.648781127929687500e+02
1.904542388916015625e+02
2.248430175781250000e+02
1.956731262207031250e+02
2.148660430908203125e+02
2.122827606201171875e+02
1.985198669433593750e+02
1.824792938232421875e+02
1.722128448486328125e+02
1.758405761718750000e+02
1.781688842773437500e+02
1.823691711425781250e+02
1.856235351562500000e+02
1.714241333007812500e+02
1.741331481933593750e+02
1.805954895019531250e+02
1.749896545410156250e+02
1.830005950927734375e+02
1.827595520019531250e+02
1.725581359863281250e+02
1.738982238769531250e+02
1.824162902832031250e+02
1.723092041015625000e+02
1.697044372558593750e+02
1.725136108398437500e+02
1.710311889648437500e+02
1.736882476806640625e+02
1.656505737304687500e+02
